<svg width="187" height="120" viewBox="0 0 187 120" fill="none" xmlns="http://www.w3.org/2000/svg">
<rect x="9.31567" y="41.579" width="53.0283" height="3.583" rx="1.7915" fill="#22C47D"/>
<rect y="50.8948" width="62.3441" height="3.583" rx="1.7915" fill="#22C47D"/>
<rect x="15.0486" y="60.2106" width="47.2955" height="3.583" rx="1.7915" fill="#22C47D"/>
<path d="M166.373 45C165.922 44.9994 165.486 44.8363 165.146 44.5406C164.805 44.2449 164.583 43.8365 164.519 43.3901L162.822 31.5129L156.545 29.9437C155.541 29.6925 155.399 28.6746 155.65 27.6703C155.901 26.666 156.45 26.0531 157.454 26.306L164.954 28.181C165.316 28.2714 165.642 28.4675 165.892 28.7442C166.142 29.0209 166.303 29.3658 166.356 29.7347L168.231 42.8597C168.269 43.1258 168.249 43.397 168.173 43.6548C168.097 43.9127 167.967 44.1512 167.791 44.3542C167.614 44.5572 167.397 44.7199 167.152 44.8313C166.907 44.9428 166.642 45.0003 166.373 45Z" fill="#CBCBCB"/>
<path d="M157 33.75C156.503 33.75 156.026 33.5525 155.674 33.2008C155.323 32.8492 155.125 32.3723 155.125 31.875V24.375C155.125 23.8777 155.323 23.4008 155.674 23.0492C156.026 22.6975 156.503 22.5 157 22.5C157.497 22.5 157.974 22.6975 158.326 23.0492C158.677 23.4008 158.875 23.8777 158.875 24.375V31.875C158.875 32.3723 158.677 32.8492 158.326 33.2008C157.974 33.5525 157.497 33.75 157 33.75Z" fill="#CBCBCB"/>
<path d="M76.375 5.625H93.25V16.875H76.375V5.625Z" fill="#69E5AF"/>
<path d="M93.25 37.5C92.7527 37.5 92.2758 37.3025 91.9242 36.9508C91.5725 36.5992 91.375 36.1223 91.375 35.625V5.625C91.375 5.12772 91.5725 4.65081 91.9242 4.29917C92.2758 3.94754 92.7527 3.75 93.25 3.75C93.7473 3.75 94.2242 3.94754 94.5758 4.29917C94.9275 4.65081 95.125 5.12772 95.125 5.625V35.625C95.125 36.1223 94.9275 36.5992 94.5758 36.9508C94.2242 37.3025 93.7473 37.5 93.25 37.5Z" fill="#CBCBCB"/>
<path d="M81.9984 80.625C81.6286 80.625 81.2672 80.5153 80.9598 80.3098L75.3348 76.5598C75.0781 76.3886 74.8675 76.1566 74.7219 75.8845C74.5763 75.6124 74.5 75.3086 74.5 75V69.375C74.5 68.8777 74.6975 68.4008 75.0492 68.0492C75.4008 67.6975 75.8777 67.5 76.375 67.5C76.8723 67.5 77.3492 67.6975 77.7008 68.0492C78.0525 68.4008 78.25 68.8777 78.25 69.375V73.9966L83.0402 77.19C83.3751 77.4133 83.6292 77.7385 83.765 78.1174C83.9008 78.4964 83.9111 78.909 83.7942 79.2942C83.6774 79.6794 83.4397 80.0168 83.1163 80.2565C82.7929 80.4961 82.4009 80.6253 81.9984 80.625Z" fill="#CBCBCB"/>
<path d="M153.25 101.25H72.625C72.6251 92.846 75.9637 84.7862 81.9062 78.8437L91.375 69.375H134.5V76.875L130.281 80.0391C129.262 80.8032 128.436 81.794 127.866 82.933C127.297 84.0721 127 85.3281 127 86.6016C127 87.6789 127.212 88.7457 127.624 89.7411C128.037 90.7364 128.641 91.6408 129.403 92.4026L130.75 93.75H153.25V101.25Z" fill="#22C47D"/>
<path d="M87.625 75H134.5V71.25H91.375L87.625 75Z" fill="#A8F0D1"/>
<path d="M133.785 28.9603L126.55 27.554L128.66 23.6125L135.83 25.4967L133.785 28.9603Z" fill="#02A437"/>
<path d="M159.812 43.125H170.125V52.5H159.812C158.569 52.5 157.377 52.0061 156.498 51.1271C155.619 50.248 155.125 49.0557 155.125 47.8125C155.125 46.5693 155.619 45.377 156.498 44.4979C157.377 43.6189 158.569 43.125 159.812 43.125Z" fill="#22C47D"/>
<path d="M170.125 43.125H175.75V52.5H170.125V43.125Z" fill="#CBCBCB"/>
<path d="M155.125 50.625C157.196 50.625 158.875 48.9461 158.875 46.875C158.875 44.8039 157.196 43.125 155.125 43.125C153.054 43.125 151.375 44.8039 151.375 46.875C151.375 48.9461 153.054 50.625 155.125 50.625Z" fill="#A8F0D1"/>
<path d="M164.5 114.375C171.749 114.375 177.625 108.499 177.625 101.25C177.625 94.0013 171.749 88.125 164.5 88.125C157.251 88.125 151.375 94.0013 151.375 101.25C151.375 108.499 157.251 114.375 164.5 114.375Z" fill="#656666"/>
<path d="M164.5 106.875C167.607 106.875 170.125 104.357 170.125 101.25C170.125 98.1434 167.607 95.625 164.5 95.625C161.393 95.625 158.875 98.1434 158.875 101.25C158.875 104.357 161.393 106.875 164.5 106.875Z" fill="#EAEAE8"/>
<path d="M100.75 114.375C107.999 114.375 113.875 108.499 113.875 101.25H100.75H87.625C87.625 108.499 93.5013 114.375 100.75 114.375Z" fill="#656666"/>
<path d="M100.75 106.875C103.857 106.875 106.375 104.357 106.375 101.25L100.75 101.25L95.125 101.25C95.125 104.357 97.6434 106.875 100.75 106.875Z" fill="#EAEAE8"/>
<path d="M72.625 43.125H110.125V69.375H72.625V43.125Z" fill="#A8F0D1"/>
<path d="M72.625 43.125H110.125V48.75H72.625V43.125Z" fill="#22C47D"/>
<path d="M72.625 35.625H110.125V43.125H72.625V35.625Z" fill="#A8F0D1"/>
<path d="M110.125 61.875H134.5V69.375H110.125V61.875Z" fill="#A8F0D1"/>
<path d="M155.125 93.75V74.2603C155.125 69.8522 156.43 65.5427 158.875 61.875V52.5H166.375L173.875 88.125L172 93.75H155.125Z" fill="#22C47D"/>
<path d="M158.875 58.125H168.25L166.375 52.5H158.875V58.125Z" fill="#A8F0D1"/>
<path d="M147.625 101.25C147.625 96.7745 149.403 92.4823 152.568 89.3176C155.732 86.1529 160.024 84.375 164.5 84.375C168.976 84.375 173.268 86.1529 176.432 89.3176C179.597 92.4823 181.375 96.7745 181.375 101.25H147.625Z" fill="#22C47D"/>
<path d="M117.625 54.375V56.7188C117.625 58.0863 118.168 59.3978 119.135 60.3648C120.102 61.3318 121.414 61.875 122.781 61.875H134.5V82.5H143.875V61.4062C143.875 59.5414 143.134 57.753 141.816 56.4344C140.497 55.1158 138.709 54.375 136.844 54.375H117.625Z" fill="#69E5AF"/>
<path d="M134.5 82.5V93.75H149.5V88.125L143.875 82.5H134.5Z" fill="#CBCBCB"/>
<path d="M115.75 54.375L121.569 32.1328C122.053 30.4379 123.077 28.9469 124.484 27.8855C125.892 26.824 127.607 26.2499 129.37 26.25C130.625 26.25 131.864 26.5415 132.988 27.1015C134.112 27.6616 135.09 28.4748 135.846 29.4773C136.603 30.4798 137.116 31.6442 137.345 32.8787C137.575 34.1132 137.515 35.3842 137.17 36.5916L132.625 54.375H115.75Z" fill="#69E5AF"/>
<path d="M129.218 33.8808L134.5 43.125H149.5V35.625H140.125L136.516 29.6074C135.968 28.694 135.095 28.0211 134.072 27.7232C133.05 27.4254 131.952 27.5246 130.999 28.001C130.485 28.2581 130.028 28.6174 129.658 29.0569C129.287 29.4965 129.009 30.0071 128.843 30.5574C128.676 31.1078 128.623 31.6864 128.688 32.2578C128.752 32.8292 128.933 33.3815 129.218 33.8808Z" fill="#22C47D"/>
<path d="M149.5 35.625H155.042C156.058 35.625 157.033 36.0289 157.752 36.7478C158.471 37.4667 158.875 38.4417 158.875 39.4584V43.125H149.5V35.625Z" fill="#F6BB92"/>
<path d="M145.75 28.8281L123.25 25.0781V17.5781C123.25 14.5944 124.435 11.733 126.545 9.62317C128.655 7.51339 131.516 6.32813 134.5 6.32812C136.247 6.32812 137.969 6.73476 139.531 7.51582C141.093 8.29688 142.452 9.43092 143.5 10.8281C144.961 12.7755 145.75 15.144 145.75 17.5781V28.8281Z" fill="#69E5AF"/>
<path d="M145.75 17.5781V23.2031L134.5 19.4531V13.8281H145.105C145.129 13.8914 145.152 13.9547 145.173 14.0203C145.556 15.1675 145.75 16.3689 145.75 17.5781Z" fill="#02A437"/>
<path d="M145.75 17.5781V23.2031L134.5 19.4531V13.8281H145.105C145.129 13.8914 145.152 13.9547 145.173 14.0203C145.556 15.1675 145.75 16.3689 145.75 17.5781Z" fill="#CBCBCB"/>
<path d="M97 93.75C96.5027 93.75 96.0258 93.5525 95.6742 93.2008C95.3225 92.8492 95.125 92.3723 95.125 91.875V86.25C95.125 85.7527 95.3225 85.2758 95.6742 84.9242C96.0258 84.5725 96.5027 84.375 97 84.375C97.4973 84.375 97.9742 84.5725 98.3258 84.9242C98.6775 85.2758 98.875 85.7527 98.875 86.25V91.875C98.875 92.3723 98.6775 92.8492 98.3258 93.2008C97.9742 93.5525 97.4973 93.75 97 93.75Z" fill="#EA9D2D"/>
<path d="M104.5 93.75C104.003 93.75 103.526 93.5525 103.174 93.2008C102.823 92.8492 102.625 92.3723 102.625 91.875V86.25C102.625 85.7527 102.823 85.2758 103.174 84.9242C103.526 84.5725 104.003 84.375 104.5 84.375C104.997 84.375 105.474 84.5725 105.826 84.9242C106.177 85.2758 106.375 85.7527 106.375 86.25V91.875C106.375 92.3723 106.177 92.8492 105.826 93.2008C105.474 93.5525 104.997 93.75 104.5 93.75Z" fill="#EA9D2D"/>
<path d="M112 93.75C111.503 93.75 111.026 93.5525 110.674 93.2008C110.323 92.8492 110.125 92.3723 110.125 91.875V86.25C110.125 85.7527 110.323 85.2758 110.674 84.9242C111.026 84.5725 111.503 84.375 112 84.375C112.497 84.375 112.974 84.5725 113.326 84.9242C113.677 85.2758 113.875 85.7527 113.875 86.25V91.875C113.875 92.3723 113.677 92.8492 113.326 93.2008C112.974 93.5525 112.497 93.75 112 93.75Z" fill="#EA9D2D"/>
<path d="M98.875 60H83.875C83.3777 60 82.9008 59.8025 82.5492 59.4508C82.1975 59.0992 82 58.6223 82 58.125V52.5C82 52.0027 82.1975 51.5258 82.5492 51.1742C82.9008 50.8225 83.3777 50.625 83.875 50.625C84.3723 50.625 84.8492 50.8225 85.2008 51.1742C85.5525 51.5258 85.75 52.0027 85.75 52.5V56.25H97V52.5C97 52.0027 97.1975 51.5258 97.5492 51.1742C97.9008 50.8225 98.3777 50.625 98.875 50.625C99.3723 50.625 99.8492 50.8225 100.201 51.1742C100.552 51.5258 100.75 52.0027 100.75 52.5V58.125C100.75 58.6223 100.552 59.0992 100.201 59.4508C99.8492 59.8025 99.3723 60 98.875 60Z" fill="#014E1A"/>
<path d="M175.336 85.9626L168.686 54.375H175.75C176.247 54.375 176.724 54.1775 177.076 53.8258C177.428 53.4742 177.625 52.9973 177.625 52.5V43.125C177.625 42.6277 177.428 42.1508 177.076 41.7992C176.724 41.4475 176.247 41.25 175.75 41.25H168.001L166.356 29.7347C166.303 29.3658 166.142 29.0209 165.892 28.7442C165.643 28.4675 165.316 28.2714 164.955 28.181L158.875 26.6611V24.375C158.875 23.8777 158.678 23.4008 158.326 23.0492C157.974 22.6975 157.497 22.5 157 22.5C156.503 22.5 156.026 22.6975 155.674 23.0492C155.323 23.4008 155.125 23.8777 155.125 24.375V31.875C155.125 32.3723 155.323 32.8492 155.674 33.2008C156.026 33.5525 156.503 33.75 157 33.75C157.497 33.75 157.974 33.5525 158.326 33.2008C158.678 32.8492 158.875 32.3723 158.875 31.875V30.5264L162.822 31.5131L164.213 41.25H160.75V39.4582C160.748 37.9448 160.146 36.4939 159.076 35.4237C158.006 34.3536 156.555 33.7517 155.042 33.75H141.187L138.666 29.5484L145.442 30.6778C145.544 30.6946 145.647 30.7031 145.75 30.7031C146.247 30.7031 146.724 30.5056 147.076 30.1539C147.428 29.8023 147.625 29.3254 147.625 28.8281V17.5781C147.625 14.0972 146.242 10.7588 143.781 8.29735C141.319 5.83593 137.981 4.45312 134.5 4.45312C131.019 4.45312 127.681 5.83593 125.219 8.29735C122.758 10.7588 121.375 14.0972 121.375 17.5781V25.0781C121.375 25.4902 121.511 25.8908 121.762 26.2179C122.012 26.5451 122.364 26.7806 122.761 26.888C121.331 28.1459 120.291 29.7879 119.766 31.6191C119.762 31.6324 119.759 31.6458 119.755 31.6596L113.936 53.9018C113.864 54.179 113.856 54.4692 113.913 54.7499C113.971 55.0307 114.091 55.2945 114.267 55.5213C114.442 55.748 114.667 55.9316 114.924 56.0579C115.181 56.1843 115.464 56.25 115.75 56.25V56.7187C115.749 57.8628 116.029 58.9895 116.566 60H112V35.625C112 35.1277 111.803 34.6508 111.451 34.2992C111.099 33.9475 110.622 33.75 110.125 33.75H95.1251V5.625C95.1251 5.12772 94.9276 4.65081 94.576 4.29917C94.2243 3.94754 93.7474 3.75 93.2501 3.75H76.3751C75.8778 3.75 75.4009 3.94754 75.0493 4.29917C74.6977 4.65081 74.5001 5.12772 74.5001 5.625V16.875C74.5001 17.3723 74.6977 17.8492 75.0493 18.2008C75.4009 18.5525 75.8778 18.75 76.3751 18.75H91.3751V33.75H72.6251C72.1278 33.75 71.6509 33.9475 71.2993 34.2992C70.9477 34.6508 70.7501 35.1277 70.7501 35.625V69.375C70.7501 69.8723 70.9477 70.3492 71.2993 70.7008C71.6509 71.0525 72.1278 71.25 72.6251 71.25H74.5001V75C74.5001 75.3086 74.5763 75.6125 74.722 75.8847C74.8676 76.1568 75.0782 76.3888 75.335 76.56L79.1159 79.0805C73.7045 85.1952 70.7274 93.0846 70.7501 101.25C70.7501 101.747 70.9477 102.224 71.2993 102.576C71.6509 102.927 72.1278 103.125 72.6251 103.125H85.8715C86.3273 106.75 88.0905 110.083 90.8301 112.5C93.5696 114.916 97.097 116.25 100.75 116.25C104.403 116.25 107.931 114.916 110.67 112.5C113.41 110.083 115.173 106.75 115.629 103.125H149.622C150.077 106.75 151.841 110.083 154.58 112.5C157.32 114.916 160.847 116.25 164.5 116.25C168.153 116.25 171.681 114.916 174.42 112.5C177.16 110.083 178.923 106.75 179.379 103.125H181.375C181.872 103.125 182.349 102.927 182.701 102.576C183.053 102.224 183.25 101.747 183.25 101.25C183.249 98.2548 182.53 95.3035 181.153 92.6436C179.776 89.9836 177.781 87.6926 175.336 85.9626ZM172 45H173.875V50.625H172V45ZM160.428 45H168.25V50.625H159.813C159.657 50.6241 159.502 50.6105 159.349 50.5842C160.01 49.834 160.458 48.9207 160.648 47.9389C160.837 46.957 160.761 45.9424 160.427 45H160.428ZM160.435 62.9151C160.641 62.6071 160.75 62.2452 160.75 61.875V54.375H164.854L171.021 83.6719C166.473 81.9818 161.445 82.1246 157 84.0703V74.2605C156.996 70.222 158.192 66.2733 160.435 62.9151ZM151.375 37.5H155.042C155.561 37.5006 156.059 37.707 156.426 38.0741C156.793 38.4412 157 38.939 157 39.4582V41.25H151.375V37.5ZM157 46.875C157 47.2458 156.89 47.6083 156.684 47.9167C156.478 48.225 156.185 48.4654 155.843 48.6073C155.5 48.7492 155.123 48.7863 154.759 48.714C154.396 48.6416 154.062 48.463 153.799 48.2008C153.537 47.9386 153.359 47.6045 153.286 47.2408C153.214 46.8771 153.251 46.5001 153.393 46.1575C153.535 45.8149 153.775 45.522 154.083 45.316C154.392 45.11 154.754 45 155.125 45C155.622 45.0006 156.099 45.1983 156.45 45.5498C156.802 45.9013 157 46.3779 157 46.875ZM149.823 45C149.522 45.8484 149.43 46.7564 149.553 47.6479C149.677 48.5394 150.012 49.3882 150.532 50.1231C151.051 50.8579 151.74 51.4573 152.539 51.871C153.338 52.2846 154.225 52.5003 155.125 52.5C155.157 52.5 155.188 52.4981 155.219 52.4977C155.739 53.0098 156.341 53.4315 157 53.7455V61.3195C154.546 65.1895 153.246 69.6783 153.25 74.2605V86.2605C152.585 86.7624 151.953 87.3077 151.359 87.8927C151.308 87.4793 151.12 87.0946 150.826 86.7996L145.75 81.7233V61.4062C145.747 59.045 144.808 56.7812 143.139 55.1115C141.469 53.4419 139.205 52.5027 136.844 52.5H135.039L136.956 45H149.822H149.823ZM134.5 60H122.781C121.911 59.9991 121.077 59.6531 120.462 59.0379C119.847 58.4228 119.501 57.5887 119.5 56.7187V56.25H136.844C138.211 56.2515 139.522 56.7953 140.488 57.7619C141.455 58.7286 141.999 60.0392 142 61.4062V80.625H136.375V61.875C136.375 61.3777 136.178 60.9008 135.826 60.5492C135.474 60.1975 134.997 60 134.5 60ZM140.125 37.5H147.625V41.25H135.588L130.846 32.9505C130.687 32.6727 130.587 32.3654 130.551 32.0474C130.515 31.7295 130.544 31.4075 130.637 31.1012C130.729 30.7949 130.884 30.5108 131.09 30.2662C131.296 30.0215 131.55 29.8216 131.836 29.6784C132.367 29.416 132.977 29.3622 133.546 29.5277C134.114 29.6932 134.6 30.066 134.907 30.5723L138.516 36.5899C138.683 36.8677 138.919 37.0975 139.201 37.257C139.483 37.4165 139.801 37.5002 140.125 37.5ZM143.875 17.5781V20.6016L136.375 18.1017V15.7031H143.683C143.81 16.32 143.875 16.9482 143.875 17.5781ZM125.125 17.5781C125.125 15.6105 125.744 13.6927 126.895 12.0965C128.045 10.5002 129.669 9.30644 131.535 8.68422C133.402 8.06199 135.417 8.04287 137.295 8.62956C139.174 9.21625 140.82 10.379 142 11.9531H134.5C134.003 11.9531 133.526 12.1507 133.174 12.5023C132.823 12.8539 132.625 13.3308 132.625 13.8281V19.4531C132.625 19.8467 132.749 20.2302 132.979 20.5495C133.209 20.8688 133.534 21.1076 133.907 21.232L143.875 24.5545V26.6149L125.125 23.4898V17.5781ZM123.377 32.6306C123.684 31.5806 124.261 30.6294 125.05 29.8713C125.839 29.1133 126.812 28.5749 127.874 28.3097C127.216 29.2554 126.84 30.3683 126.79 31.5191C126.74 32.6699 127.017 33.8113 127.59 34.8108L132.872 44.0552C132.965 44.2158 133.081 44.3617 133.217 44.4881L131.169 52.5H118.179L123.377 32.6306ZM112 63.75H132.625V67.5H112V63.75ZM78.2501 15V7.5H91.3751V15H78.2501ZM74.5001 37.5H108.25V41.25H74.5001V37.5ZM74.5001 67.5V45H108.25V67.5H74.5001ZM78.2501 73.9966V71.25H86.8484L81.7613 76.3373L78.2501 73.9966ZM100.75 112.5C98.0927 112.496 95.5221 111.553 93.4926 109.838C91.4631 108.122 90.1054 105.745 89.6593 103.125H93.4876C93.9027 104.736 94.8415 106.162 96.1562 107.181C97.4709 108.2 99.0869 108.753 100.75 108.753C102.413 108.753 104.029 108.2 105.344 107.181C106.659 106.162 107.598 104.736 108.013 103.125H111.841C111.395 105.745 110.037 108.122 108.008 109.838C105.978 111.553 103.408 112.496 100.75 112.5ZM97.5075 103.125H103.993C103.665 103.695 103.192 104.168 102.623 104.497C102.054 104.827 101.408 105 100.75 105C100.093 105 99.4466 104.827 98.8773 104.497C98.308 104.168 97.8356 103.695 97.5075 103.125ZM110.125 99.375H82.0845C82.5585 94.253 84.9267 89.4923 88.7258 86.0244C92.5249 82.5565 97.4813 80.6311 102.625 80.625H110.125C112.612 80.625 114.996 81.6127 116.754 83.3709C118.512 85.129 119.5 87.5136 119.5 90C119.5 92.4864 118.512 94.871 116.754 96.6291C114.996 98.3873 112.612 99.375 110.125 99.375ZM145.844 99.375H119.298C121.164 97.5527 122.444 95.2155 122.975 92.6621C123.506 90.1086 123.264 87.4548 122.28 85.0396C121.295 82.6245 119.613 80.5578 117.448 79.1035C115.283 77.6491 112.733 76.8733 110.125 76.875H102.625C96.4871 76.8824 90.5772 79.2022 86.0731 83.372C81.569 87.5419 78.8013 93.2558 78.3216 99.375H74.5578C74.9946 92.1259 78.0818 85.2906 83.2318 80.1703L92.1518 71.25H132.625V75.9375L129.156 78.5391C127.907 79.4804 126.894 80.6982 126.194 82.097C125.495 83.4958 125.129 85.0376 125.125 86.6016C125.122 87.9257 125.381 89.2375 125.888 90.4608C126.395 91.6841 127.139 92.7948 128.078 93.7284L129.425 95.0756C129.777 95.427 130.253 95.6246 130.75 95.625H146.613C146.229 96.8452 145.971 98.1019 145.844 99.375ZM132.625 80.625V91.875H131.527L130.729 91.0781C130.139 90.4916 129.672 89.7939 129.354 89.0255C129.035 88.2571 128.873 87.4332 128.875 86.6016C128.878 85.6196 129.107 84.6515 129.546 83.7732C129.986 82.8949 130.622 82.1302 131.406 81.5391L132.625 80.625ZM147.625 91.875H136.375V84.375H143.098L147.625 88.9015V91.875ZM164.5 112.5C161.843 112.496 159.272 111.553 157.243 109.838C155.213 108.122 153.855 105.745 153.409 103.125H157.238C157.653 104.736 158.591 106.162 159.906 107.181C161.221 108.2 162.837 108.753 164.5 108.753C166.163 108.753 167.779 108.2 169.094 107.181C170.409 106.162 171.348 104.736 171.763 103.125H175.591C175.145 105.745 173.787 108.122 171.758 109.838C169.728 111.553 167.158 112.496 164.5 112.5ZM161.258 103.125H167.743C167.415 103.695 166.942 104.168 166.373 104.497C165.804 104.827 165.158 105 164.5 105C163.843 105 163.197 104.827 162.627 104.497C162.058 104.168 161.586 103.695 161.258 103.125ZM149.617 99.375C150.073 95.7494 151.837 92.4149 154.577 89.9976C157.317 87.5802 160.846 86.2463 164.5 86.2463C168.154 86.2463 171.683 87.5802 174.423 89.9976C177.163 92.4149 178.927 95.7494 179.383 99.375H149.617Z" fill="#082B1C"/>
<path d="M97 84.375C96.5027 84.375 96.0258 84.5725 95.6742 84.9242C95.3225 85.2758 95.125 85.7527 95.125 86.25V91.875C95.125 92.3723 95.3225 92.8492 95.6742 93.2008C96.0258 93.5525 96.5027 93.75 97 93.75C97.4973 93.75 97.9742 93.5525 98.3258 93.2008C98.6775 92.8492 98.875 92.3723 98.875 91.875V86.25C98.875 85.7527 98.6775 85.2758 98.3258 84.9242C97.9742 84.5725 97.4973 84.375 97 84.375Z" fill="#082B1C"/>
<path d="M104.5 84.375C104.003 84.375 103.526 84.5725 103.174 84.9242C102.823 85.2758 102.625 85.7527 102.625 86.25V91.875C102.625 92.3723 102.823 92.8492 103.174 93.2008C103.526 93.5525 104.003 93.75 104.5 93.75C104.997 93.75 105.474 93.5525 105.826 93.2008C106.177 92.8492 106.375 92.3723 106.375 91.875V86.25C106.375 85.7527 106.177 85.2758 105.826 84.9242C105.474 84.5725 104.997 84.375 104.5 84.375Z" fill="#082B1C"/>
<path d="M112 84.375C111.503 84.375 111.026 84.5725 110.674 84.9242C110.323 85.2758 110.125 85.7527 110.125 86.25V91.875C110.125 92.3723 110.323 92.8492 110.674 93.2008C111.026 93.5525 111.503 93.75 112 93.75C112.497 93.75 112.974 93.5525 113.326 93.2008C113.677 92.8492 113.875 92.3723 113.875 91.875V86.25C113.875 85.7527 113.677 85.2758 113.326 84.9242C112.974 84.5725 112.497 84.375 112 84.375Z" fill="#082B1C"/>
<path d="M100.75 58.125V52.5C100.75 52.0027 100.552 51.5258 100.201 51.1742C99.8492 50.8225 99.3723 50.625 98.875 50.625C98.3777 50.625 97.9008 50.8225 97.5492 51.1742C97.1975 51.5258 97 52.0027 97 52.5V56.25H85.75V52.5C85.75 52.0027 85.5525 51.5258 85.2008 51.1742C84.8492 50.8225 84.3723 50.625 83.875 50.625C83.3777 50.625 82.9008 50.8225 82.5492 51.1742C82.1975 51.5258 82 52.0027 82 52.5V58.125C82 58.6223 82.1975 59.0992 82.5492 59.4508C82.9008 59.8025 83.3777 60 83.875 60H98.875C99.3723 60 99.8492 59.8025 100.201 59.4508C100.552 59.0992 100.75 58.6223 100.75 58.125Z" fill="#082B1C"/>
</svg>
